1131
1181
1097
3120
9298
1161
7390
1220
2467
1076
1168
1175
9665
8556
1093
8045
6736
1110
4609
1206
8767
1150
3951
3887
2173
1719
2010
1968
7081
8252
3235
4336
1215
2210
8786
1179
1200
5520
9950
7846
3023
2208
2209
3055
1622
1229
5342
7784
1260
7475
1251
1170
7943
8396
1119
1240
1123
6928
1208
2145
1649
1100
5431
2650
1129
2000
9865
1611
2760
4676
8434
2110
1415
5632
1082
8076
1145
1169
3113
1554
6608
1184
8274
1224
4450
8565
4322
5691
1130
1322
1174
5756
4387
2050
1141
6366
5226
3215
2525
2986
1340
2032
4661
1080
1079
5354
5706
5424
1163
1106
6779
6889
1149
7121
1111
1172
9930
2190
1580
3036
1155
2855
1999
9946
1171
6034
1112
1781
8399
1151
9310
6057
1177
1159
4110
1309
5371
2194
3768
8238
8519
2671
6520
1210
1321
9941
1575
4100
1701
1604
4224
3039
1094
7934
7366
1247
1183
3259
1098
4349
1167
1165
1925
1135
2138
6027
9943
1157
1158
9552
2187
2105
2111
1178
9855
6687
9857
1128
9960
1812
1142
1117
5020
9246
2556
1205
9939
1114
9970
9475
6513
8290
1146
1246
1176
9158
1367
1166
1132
7117
3244
9618
2857
1118
2196
1136
1153
3125
9938
6934
5891
1148
6629
9752
2107
5708
1092
1721
2403
1919
2415
2115
2192
1862
1182
1650
9778
8900
8883
8113
1088
9537
2654
2540
6767
8829
1180
1173
3821
6141
1081
2918
2176
1160
3161
5789
9485
2382
6815
3294
6861
9942
1140
1561
1560
4385
1144
3883
1120
1115
2198
2420
1156
7841
2533
4335
1116
1124
1185
1096
9918
1164
6646
9320
5899
2188
2120
1525
8008
3732
6152
7425
5510
8633
1083
4457
1621
6883
1599
1162
1147
2171
2100
4536
9949
7045
1904
1152
1095
7620
1143
1315
3220
7972
7720
8178
7074
1154
1811
2150
3976
2497
2021
3896
5921
7577
4452
2628
8075
9781
7369
2657
8457
8597
6997
5386
7669
3097
6446
7249
2408
2047
2652
8433
9744
2962
6162
1665
8289
1198
6933
1450
2861
1493
7599
4912
